2.0505666732788086
2.2124290466308594
2.2693872451782227
2.433323860168457
2.4913787841796875
2.06301212310791
2.0679235458374023
2.0353317260742188
2.9099464416503906
2.236509323120117
1.7212867736816406
2.671194076538086
2.0522356033325195
1.9833326339721682
1.8780708312988281
2.1832942962646484
2.089977264404297
2.959918975830078
2.303600311279297
2.4793386459350586
2.045869827270508
1.855921745300293
1.735520362854004
2.1793603897094727
1.961541175842285
2.1148204803466797
3.4809350967407227
2.0061731338500977
1.8962860107421875
2.203512191772461
1.9332408905029297
2.962923049926758
1.9294261932373047
1.9835948944091795
3.694939613342285
2.1429061889648438
2.3473024368286133
1.9916772842407229
2.10268497467041
2.211761474609375
1.9884109497070312
2.1432876586914062
2.0029783248901367
1.9616603851318357
2.027416229248047
2.6209115982055664
1.721501350402832
2.6245594024658203
2.091860771179199
2.7096986770629883
2.1910905838012695
1.8128633499145508
1.8173456192016602
2.586483955383301
5.053853988647461
3.262805938720703
3.4862279891967773
3.069281578063965
3.1800031661987305
3.135561943054199
4.9503326416015625
3.228163719177246
4.6627044677734375
3.360295295715332
3.335261344909668
5.174088478088379
4.661464691162109
5.087757110595703
4.271602630615234
3.3844947814941406
3.5677194595336914
4.799962043762207
4.634547233581543
3.4273862838745117
3.325629234313965
2.6323795318603516
3.3703088760375977
3.3239126205444336
3.3918380737304688
3.493046760559082
4.899072647094727
4.5948028564453125
3.3501625061035156
3.497457504272461
4.605507850646973
4.743361473083496
4.407644271850586
4.730582237243652
4.871773719787598
3.776240348815918
3.4488677978515625
4.411768913269043
3.9114713668823247
3.8116455078125
3.547048568725586
3.776884078979492
3.7472009658813477
3.546023368835449
3.200244903564453
3.119373321533203
2.4223804473876953
2.425217628479004
3.238201141357422
3.286600112915039
3.228473663330078
3.7559986114501953
3.1052589416503906
3.336358070373535
3.2464027404785156
4.298830032348633
3.2859086990356445
3.2834768295288086
3.0928611755371094
3.224349021911621
3.5160064697265625
3.5321712493896484
5.242300033569336
4.978084564208984
5.055332183837891
5.63201904296875
5.14986515045166
5.275630950927734
5.271267890930176
4.847812652587891
4.8046112060546875
4.897308349609375
4.291725158691406
5.0575971603393555
5.071091651916504
4.983925819396973
5.734825134277344
6.595039367675781
6.04252815246582
6.196069717407227
7.82468318939209
3.4952878952026367
5.618739128112793
6.549501419067383
3.1827926635742188
5.267000198364258
4.290866851806641
6.109786033630371
4.941654205322266
5.684185028076172
9.415268898010254
9.73660945892334
4.621100425720215
8.161711692810059
5.9337615966796875
7.165813446044922
8.552956581115723
4.868912696838379
7.176685333251953
6.318473815917969
5.368375778198242
4.405808448791504
10.728669166564941
7.0449113845825195
10.423684120178223
7.189750671386719
6.175065040588379
10.497426986694336
10.403966903686523
7.146310806274414
12.089109420776367
11.90040111541748
10.418462753295898
9.033727645874023
12.29248046875
11.817646026611328
9.69839096069336
13.438987731933594
3.5085201263427734
4.337143898010254
5.758810043334961
11.467862129211426
9.482169151306152
7.237792015075684
10.98930835723877
11.031723022460938
5.97074031829834
11.907696723937988
6.716108322143555
10.798501968383789
13.639998435974121
9.048748016357422
9.058737754821777
11.258101463317871
5.102324485778809
14.305496215820312
65.3264045715332
14.026570320129395
6.608772277832031
11.764359474182129
10.57746410369873
13.345074653625488
9.343290328979492
13.209772109985352
5.732297897338867
13.399910926818848
10.003066062927246
9.757304191589355
6.317472457885742
16.602516174316406
8.184146881103516
17.211294174194336
6.733107566833496
15.742659568786621
8.070206642150879
11.226963996887207
6.868124008178711
14.459896087646484
11.254692077636719
10.422015190124512
7.351565361022949
11.754417419433594
13.893604278564453
16.405272483825684
15.562057495117188
17.043614387512207
9.686613082885742
16.302108764648438
12.819123268127441
16.995835304260254
12.4420166015625
16.01722240447998
13.513803482055664
13.90230655670166
7.401442527770996
14.681506156921387
6.916141510009766
7.775425910949707
12.830519676208496
8.026790618896484
11.066699028015137
9.84044075012207
11.842679977416992
10.48128604888916
11.431026458740234
9.675168991088867
10.609245300292969
9.916067123413086
11.448025703430176
8.737778663635254
9.041142463684082
9.07137393951416
12.752556800842285
6.81309700012207
11.040806770324707
8.75234603881836
1.9609689712524414
2.3607492446899414
1.9922971725463865
2.6304006576538086
1.8515825271606445
1.9134044647216797
3.3808231353759766
3.270125389099121
2.919340133666992
3.2013893127441406
3.20892333984375
3.2495737075805664
4.001784324645996
3.2771825790405273
3.3861875534057617
4.490876197814941
4.411411285400391
4.404902458190918
3.226327896118164
3.2287120819091797
3.3883094787597656
3.348541259765625
3.3840417861938477
3.2455921173095703
4.616665840148926
2.5887250900268555
3.3766746520996094
4.417085647583008
3.3044815063476562
3.401613235473633
4.009222984313965
3.8033485412597656
4.172563552856445
3.651309013366699
4.584383964538574
3.7928104400634766
4.841279983520508
4.696488380432129
4.377293586730957
4.382133483886719
3.8183212280273438
4.7148942947387695
3.2102346420288086
3.355693817138672
3.4939050674438477
3.3271074295043945
3.622150421142578
3.4273624420166016
3.6580801010131836
4.862689971923828
4.527187347412109
4.643821716308594
3.361678123474121
4.645347595214844
3.9931774139404292
3.0222177505493164
3.2773256301879883
4.496049880981445
3.3116579055786133
3.471708297729492
3.289008140563965
2.3131847381591797
4.777884483337402
3.2622814178466797
4.603028297424316
3.4067630767822266
3.372478485107422
3.421306610107422
3.5141706466674805
3.043699264526367
4.42500114440918
3.8881778717041016
4.733824729919434
3.2731056213378906
3.108501434326172
4.367828369140625
4.567503929138184
4.384827613830566
5.2298784255981445
5.217695236206055
3.5713911056518555
2.12316513062
2.00836658478
2.0955324173
2.4510383606
2.30047702789
1.95388793945
2.10800170898
1.63838863373
2.07004547119
2.08687782288
2.78220176697
2.05941200256
2.07233428955
1.95739269257
2.18980312347
2.29189395905
2.22764015198
3.61096858978
2.40647792816
2.02794075012
2.71120071411
2.49030590057
2.05543041229
1.87845230103
2.16312408447
2.1044254303
2.08048820496
2.43263244629
2.25322246552
2.472615242
2.29380130768
1.90918445587
2.56884098053
1.806640625
2.15978622437
5.41176795959
5.00295162201
5.09848594666
5.03692626953
5.0133228302
5.01744747162
5.13422489166
5.3603887558
5.34918308258
5.63139915466
5.03056049347
5.30114173889
5.57672977448
5.34830093384
5.49893379211
5.46631813049
5.56213855743
5.2218914032
4.83672618866
6.97135925293
5.2906036377
5.44271469116
5.04040718079
5.70061206818
6.28573894501
10.2339029312
5.60975074768
8.46378803253
3.45029830933
7.44407176971
5.60710430145
7.79676437378
6.8746805191
3.17900180817
6.64482116699
5.66282272339
5.04503250122
6.56497478485
6.48987293243
6.08704090118
6.90321922302
11.8865013123
3.43248844147
9.02421474457
12.5893115997
10.9001159668
12.6187086105
7.35681056976
11.7130756378
6.43699169159
12.06843853
10.9400272369
10.1787567139
8.5902929306
6.35251998901
11.5028858185
7.6762676239
8.07826519012
7.80158042908
10.4014635086
7.91170597076
13.3054971695
11.8604183197
9.26761627197
14.6849870682
14.5683288574
7.92028903961
16.7425632477
9.27789211273
7.89449214935
7.83140659332
14.2537593842
10.8199357986
7.2566986084
7.74722099304
7.07192420959
11.4765405655
8.80069732666
15.6536102295
10.042309761
12.35871315
13.7558460236
13.3741140366
11.3389253616
9.46717262268
6.95152282715
10.0592136383
5.15763759613
9.36846733093
6.112408638
9.5778465271
13.263297081
8.65304470062
9.75406169891
8.51430892944
7.89034366608
12.8267288208
10.2591276169
13.840174675
10.4348897934
16.1270856857
10.8145952225
12.393784523
11.9365930557
26.8264055252
14.9152755737
14.655995369
15.2762889862
14.9639844894
14.6218776703
19.8298215866
16.6062355042
13.6463165283
13.5756015778
14.5719051361
16.4158344269
10.2284908295
14.0205144882
13.5469913483
12.2140884399
11.7156505585
15.0099754333
12.8685474396
11.8871688843
12.2001409531
8.60269069672
10.5767726898
12.3141288757
10.9801292419
12.9592180252
15.1474237442
8.56311321259
9.89782810211
10.0218772888
2.1692991256713867
1.891469955444336
1.9068717956542969
1.629948616027832
2.262115478515625
2.084779739379883
1.9298791885375977
2.0650625228881836
1.6713619232177734
1.962018013000488
2.0339488983154297
2.0888328552246094
2.1243810653686523
2.010631561279297
2.1374940872192383
2.152085304260254
2.012920379638672
2.6456594467163086
1.9279241561889648
2.006864547729492
2.1956920623779297
1.947188377380371
2.295088768005371
2.5524377822875977
1.7656326293945312
2.3824691772460938
1.9493818283081055
2.2954225540161133
2.1845102310180664
1.9790887832641602
2.8168201446533203
1.9132375717163086
1.9888401031494138
3.145265579223633
3.222823143005371
1.8073797225952148
2.2129058837890625
2.140951156616211
2.6962995529174805
2.0551681518554688
2.0009756088256836
1.9930601119995117
2.9164791107177734
1.9281625747680664
1.841115951538086
3.3898353576660156
4.394984245300293
4.289555549621582
3.2453060150146484
3.4210205078125
3.3033132553100586
3.269624710083008
3.3706188201904297
3.3173561096191406
3.4009933471679688
3.398299217224121
3.333282470703125
3.135967254638672
2.9935121536254883
3.068256378173828
3.1420230865478516
3.3830642700195312
3.1380176544189453
3.439927101135254
3.778719902038574
3.345370292663574
3.2286882400512695
3.844332695007324
3.4146547317504883
3.2303810119628906
3.163266181945801
3.8413524627685547
3.644847869873047
3.7174224853515625
4.040670394897461
3.181600570678711
3.420734405517578
3.5691022872924805
3.340005874633789
3.6475658416748047
2.4439573287963867
3.837895393371582
3.320956230163574
3.294086456298828
3.2894134521484375
2.6499271392822266
3.313326835632324
3.664517402648926
3.4329652786254883
3.531622886657715
3.6808252334594727
3.3263683319091797
3.070211410522461
3.4984827041625977
3.762483596801758
3.39202880859375
3.407168388366699
3.7216663360595703
3.582167625427246
3.571629524230957
3.2869577407836914
3.1795740127563477
3.662586212158203
3.655123710632324
3.7619829177856445
3.181910514831543
3.522515296936035
3.1651973724365234
3.182506561279297
3.905010223388672
3.314518928527832
5.562281608581543
5.263710021972656
3.133511543273926
5.211925506591797
5.013942718505859
5.093646049499512
5.525946617126465
5.236363410949707
5.765843391418457
5.669069290161133
5.680179595947266
5.4412126541137695
5.394911766052246
5.97684383392334
6.124114990234375
6.487751007080078
6.004238128662109
6.619024276733398
6.158208847045898
6.44223690032959
6.681919097900391
5.4019927978515625
6.142902374267578
6.264948844909668
8.474540710449219
8.529853820800781
5.31010627746582
5.743050575256348
8.143854141235352
7.675504684448242
5.524206161499023
6.502699851989746
9.620118141174316
7.30593204498291
11.10541820526123
10.17007827758789
6.659603118896484
11.156058311462402
8.61217975616455
5.518794059753418
6.493210792541504
12.928414344787598
7.561635971069336
8.321356773376465
9.430956840515137
11.335897445678711
16.50521755218506
10.408854484558105
12.0025634765625
9.649944305419922
11.490511894226074
10.022568702697754
10.73451042175293
10.715746879577637
8.607125282287598
10.884737968444824
6.015491485595703
8.474302291870117
11.579513549804688
10.000276565551758
5.776214599609375
8.41836929321289
13.72067928314209
11.16185188293457
4.974508285522461
15.153765678405762
18.44329833984375
9.208273887634277
10.71310043334961
6.234455108642578
15.444111824035645
12.808942794799805
9.662508964538574
14.67905044555664
9.730911254882812
17.185449600219727
10.816383361816406
11.734294891357422
8.226394653320312
13.702917098999023
7.66298770904541
13.556408882141113
9.444212913513184
13.748478889465332
14.76738452911377
16.36226177215576
8.653783798217773
16.871142387390137
14.86961841583252
12.397193908691406
11.962485313415527
11.34791374206543
14.501452445983887
11.21671199798584
16.023588180541992
9.234929084777832
14.450430870056152
14.130997657775879
14.351081848144531
13.166975975036621
13.277506828308105
13.4171724319458
11.173391342163086
16.37876033782959
14.41190242767334
12.61448860168457
16.950440406799316
18.111801147460938
16.115093231201172
13.74499797821045
16.154789924621582
13.840913772583008
14.014840126037598
15.713024139404297
13.873624801635742
7.246279716491699
8.841395378112793
10.35149097442627
12.1046781539917
15.413880348205566
12.167191505432129
16.053009033203125
10.552692413330078
10.944724082946777
11.658000946044922
8.873653411865234
7.3711395263671875
11.33887767791748
11.989212036132812
12.69829273223877
9.124565124511719
10.244274139404297
10.60330867767334
8.82418155670166
8.103632926940918
6.0021162033081055
4.549050331115723
6.213188171386719
6.521415710449219
1.95307731628
2.14858055115
1.79719924927
2.29532718658
2.94809341431
2.01573371887
1.93450450897
1.76138877869
1.74839496613
1.96528434753
2.32903957367
2.05385684967
1.94480419159
1.9136428833
1.72393321991
2.67667770386
1.95291042328
2.39639282227
2.02159881592
2.77216434479
3.63245010376
1.73661708832
2.6200056076
2.02667713165
2.08995342255
1.95970535278
1.9632101059
1.86424255371
1.77149772644
1.79221630096
3.11889648438
1.76434516907
1.84440612793
2.51753330231
1.96542739868
2.03540325165
1.92787647247
1.94022655487
2.0446062088
2.20732688904
2.07006931305
2.06029415131
1.76599025726
2.19669342041
2.09939479828
2.08215713501
2.12113857269
1.65750980377
2.92546749115
1.82538032532
3.3430814743
2.19204425812
2.24392414093
1.97949409485
1.75695419312
2.18484401703
2.08160877228
2.30922698975
2.19860076904
1.69765949249
2.51843929291
2.33011245728
2.05700397491
2.10435390472
1.90486907959
1.93140506744
1.68817043304
2.01926231384
1.66819095612
1.82769298553
1.73935890198
2.23155021667
2.03227996826
2.5500535965
2.02991962433
1.91600322723
1.85992717743
2.1185874939
1.76391601562
2.03518867493
2.05936431885
1.95350646973
2.18586921692
2.46782302856
2.06089019775
2.23577022552
2.26562023163
2.55951881409
2.22222805023
1.9905090332
2.06642150879
2.34937667847
1.9478559494
2.20935344696
3.12027931213
2.30107307434
2.05070972443
2.24843025208
1.7124414444
1.97324752808
2.45065689087
2.62768268585
2.92830467224
2.3129940033
2.21948623657
1.86150074005
1.93328857422
2.25560665131
2.28996276855
2.2216796875
1.97868347168
1.94864273071
2.17411518097
1.71117782593
1.7600774765
1.91025733948
1.94451808929
1.79903507233
2.38928794861
2.01361179352
1.97999477386
2.53305435181
2.25043296814
2.54709720612
2.03695297241
1.9917011261
1.97951793671
2.50518321991
2.23333835602
2.15711593628
1.68218612671
2.5762796402
1.94795131683
2.5533914566
2.157330513
1.95026397705
1.77595615387
2.46403217316
1.97005271912
2.1541595459
2.13153362274
1.69956684113
1.90999507904
2.46684551239
2.33438014984
2.14130878448
1.93331241608
2.09405422211
2.06625461578
2.00142860413
2.20336914062
1.8363237381
2.14092731476
3.17285060883
2.04117298126
2.49781608582
2.06246376038
1.73897743225
2.14231014252
2.21471786499
2.18887329102
5.09049892426
1.73647403717
2.95271873474
2.29218006134
2.07409858704
1.95832252502
2.2864818573
1.89871788025
2.1701335907
2.4808883667
1.94261074066
1.97954177856
3.14729213715
1.99196338654
1.99918746948
3.82833480835
3.93738746643
2.72567272186
2.59289741516
1.87208652496
1.95348262787
2.02527046204
1.88920497894
2.08895206451
1.94666385651
2.52461433411
2.22854614258
1.87799930573
2.51116752625
1.92484855652
2.18789577484
1.99289321899
2.11665630341
2.02877521515
1.81941986084
1.93529129028
2.65204906464
3.6080121994
1.9850730896
1.95109844208
2.1773815155
1.95181369781
1.92363262177
2.04119682312
1.76689624786
1.95026397705
1.95825099945
2.16233730316
1.77800655365
1.96421146393
1.82912349701
2.46610641479
2.5764465332
2.89335250854
1.7135143280029297
2.183365821838379
2.07672119140625
1.8625736236572266
1.8301010131835938
2.0882368087768555
1.9521713256835938
2.0129919052124023
2.241206169128418
2.1026134490966797
3.33254337310791
1.7425060272216797
1.7403125762939453
2.8167009353637695
2.16827392578125
1.9221782684326172
1.9008398056030273
2.0218849182128906
2.0818233489990234
2.5031566619873047
2.100801467895508
2.0059585571289062
2.3337602615356445
2.1389245986938477
3.2653093338012695
1.9829988479614256
1.9647359848022463
3.113698959350586
2.1242856979370117
2.2107601165771484
1.836991310119629
2.8084278106689453
2.2694826126098633
1.9898176193237305
1.956939697265625
